[Variables]
ercf_calib_0 = 1.0
ercf_calib_1 = 0.999478684911
ercf_calib_10 = 1.0
ercf_calib_11 = 1.0
ercf_calib_2 = 1.010013374607
ercf_calib_3 = 1.002091701081
ercf_calib_4 = 1.003403339433
ercf_calib_5 = 1.004718415894
ercf_calib_6 = 1.002091701081
ercf_calib_7 = 1.006036943999
ercf_calib_8 = 1.0
ercf_calib_9 = 1.0
ercf_calib_ref = 742.9
ercf_calib_version = 2

