[Variables]
ercf_calib_0 = 1.0
ercf_calib_1 = 1.00737
ercf_calib_10 = 1.0
ercf_calib_11 = 1.0
ercf_calib_2 = 1.023642
ercf_calib_3 = 1.040508
ercf_calib_4 = 1.028171
ercf_calib_5 = 1.062273
ercf_calib_6 = 1.02443
ercf_calib_7 = 1.038782
ercf_calib_8 = 1.049403
ercf_calib_9 = 1.0
ercf_calib_clog_length = 3.9
ercf_calib_ref = 742.0
ercf_calib_version = 3

