[Variables]
ercf_calib_0 = 1.0
ercf_calib_1 = 1.0015489483876974
ercf_calib_10 = 1.0
ercf_calib_11 = 1.0
ercf_calib_2 = 1.006546697631149
ercf_calib_3 = 1.0035420806232949
ercf_calib_4 = 1.0025445238831128
ercf_calib_5 = 1.0
ercf_calib_6 = 1.0
ercf_calib_7 = 1.0
ercf_calib_8 = 1.0
ercf_calib_9 = 1.0
ercf_calib_ref = 1074.4033319999999

