[Variables]
ercf_calib_0 = 1.0
ercf_calib_1 = 1.000115025729
ercf_calib_10 = 1.0
ercf_calib_11 = 1.0
ercf_calib_2 = 1.002036476307
ercf_calib_3 = 0.999157061145
ercf_calib_4 = 1.003965324192
ercf_calib_5 = 1.001074829017
ercf_calib_6 = 1.0
ercf_calib_7 = 1.0
ercf_calib_8 = 1.0
ercf_calib_9 = 1.0
ercf_calib_ref = 1037.8
ercf_calib_version = 2

