[Variables]
ercf_calib_0 = 1.0
ercf_calib_1 = 0.913183555120799
ercf_calib_10 = 1.0
ercf_calib_11 = 1.0
ercf_calib_2 = 1.657259044478487
ercf_calib_3 = 1.0
ercf_calib_4 = 1.0
ercf_calib_5 = 1.0
ercf_calib_6 = 1.0
ercf_calib_7 = 1.0
ercf_calib_8 = 1.0
ercf_calib_9 = 1.0
ercf_calib_ref = 885.21138

