[Variables]
ercf_calib_0 = 1.0
ercf_calib_1 = 1.0056960526829337
ercf_calib_10 = 1.0
ercf_calib_11 = 1.0
ercf_calib_2 = 0.9983244585794987
ercf_calib_3 = 1.0004195781148175
ercf_calib_4 = 0.9993709202761227
ercf_calib_5 = 1.0
ercf_calib_6 = 1.0
ercf_calib_7 = 1.0
ercf_calib_8 = 1.0
ercf_calib_9 = 1.0
ercf_calib_ref = 880.3231855

