[Variables]
ercf_calib_0 = 1.0
ercf_calib_1 = 1.003963221788524
ercf_calib_10 = 1.0
ercf_calib_11 = 1.0
ercf_calib_2 = 1.0055077805912755
ercf_calib_3 = 1.0070570992054377
ercf_calib_4 = 0.997832148678365
ercf_calib_5 = 1.0
ercf_calib_6 = 1.0
ercf_calib_7 = 1.0
ercf_calib_8 = 1.0
ercf_calib_9 = 1.0
ercf_calib_ref = 875.1032005

